27
185
95
11
177
63
129
39
145
101
17
199
49
75
163
25
113
7
139
91
55
181
31
157
83
13
167
105
43
195
67
121
21
151
89
5
173
117
79
189
35
143
59
127
3
171
97
149
65
183
29
135
45
111
19
165
73
159
9
193
51
123
87
15
179
103
197
41
153
77
169
33
147
99
187
53
125
81
119
23
175
109
57
191
71
137
85
11
201
47
155
61
133
93
161
115
37
131
69
107

[13, 92, 47, 5, 88, 31, 64, 19, 72, 50, 8, 99, 24, 37, 81, 12, 56, 3, 69, 45, 27, 90, 15, 78, 41, 6, 83, 52, 21, 97, 33, 60, 10, 75, 44, 2, 86, 58, 39, 94, 17, 71, 29, 63, 1, 85, 48, 74, 32, 91, 14, 67, 22, 55, 9, 82, 36, 79, 4, 96, 25, 61, 43, 7, 89, 51, 98, 20, 76, 38, 84, 16, 73, 49, 93, 26, 62, 40, 59, 11, 87, 54, 28, 95, 35, 68, 42, 5, 100, 23, 77, 30, 66, 46, 80, 57, 18, 65, 34, 53]
